0
138
19
152
40
155
42
154
41
159
45
157
54
170
55
172
56
173
65
168
47
156
44
153
38
151
35
150
15
147
13
146
12
132
11
144
32
145
27
143
25
142
31
148
39
149
16
135
17
151
36
150
14
146
33
147
12
133
10
130
9
131
11
145
38
154
40
156
271
113
272
127
267
124
273
158
54
169
55
164
69
175
70
176
67
174
60
171
56
178
76
250
77
251
78
252
79
257
138
277
140
26
159
53
162
55
179
66
167
42
158
274
129
11
146
31
144
38
143
24
157
272
125
265
121
262
118
266
126
278
128
268
153
43
169
67
244
69
174
55
173
75
255
82
259
137
256
77
178
54
171
48
161
276
115
270
114
244
135
15
148
12
145
13
133
273
126
8
123
287
136
254
81
253
80
258
139
1
137
260
121
269
154
37
149
2
151
3
152
41
160
56
167
61
181
76
172
75
256
83
188
86
189
82
257
135
13
131
271
157
55
177
63
176
73
247
74
237
104
203
101
194
98
193
93
191
56
180
65
240
109
242
68
243
112
269
116
245
78
241
74
254
73
165
284
166
44
160
5
159
277
141
23
137
18
153
40
147
11
136
255
76
249
74
173
67
167
70
163
28
138
30
165
55
158
25
134
287
122
250
135
242
111
207
108
241
79
239
72
246
71
252
137
20
152
265
124
276
139
29
162
279
131
24
140
275
161
273
116
261
120
283
164
18
163
55
168
46
151
43
170
70
169
75
238
106
204
97
193
90
191
88
192
57
158
4
155
268
117
267
153
21
140
27
133
275
115
245
135
271
160
47
173
64
238
74
248
120
268
123
9
129
12
144
6
162
274
159
54
176
52
175
62
183
79
264
151
34
145
36
149
14
161
60
231
72
253
134
245
80
254
78
265
148
13
128
277
164
70
247
136
275
155
54
172
48
259
138
261
50
262
77
174
66
170
74
236
135
285
204
100
193
56
156
22
166
280
118
281
164
72
240
110
208
2
206
109
263
123
10
131
239
135
258
81
187
87
192
99
202
96
201
95
190
94
194
67
166
55
171
46
150
39
142
26
216
29
214
30
135
286
122
259
80
240
130
280
133
9
170
57
228
59
229
58
194
107
243
76
257
85
190
91
186
64
175
71
209
104
196
56
162
16
152
4
126
255
74
250
78
242
66
200
92
198
90
262
158
23
213
25
132
272
156
269
151
19
134
243
69
169
8
172
74
168
283
203
281
163
5
207
1
208
103
238
135
241
109
205
68
195
97
194
102
237
76
260
49
258
86
268
115
273
141
26
157
5
154
55
180
67
161
62
236
100
235
75
170
47
251
41
147
28
215
30
133
29
136
253
128
11
143
252
70
178
10
146
43
149
32
150
263
79
246
117
249
82
266
121
20
155
24
215
27
139
270
159
4
206
287
208
105
193
99
205
0
209
113
198
104
210
72
245
81
267
155
37
140
22
136
244
82
253
130
11
127
278
163
71
251
139
260
47
250
141
276
135
235
103
192
106
195
56
177
53
150
2
205
105
239
71
248
75
166
20
117
277
132
17
163
29
219
31
222
28
164
284
120
21
165
279
202
63
184
88
178
65
241
133
225
115
256
47
149
266
161
6
143
33
148
16
134
238
73
211
3
207
112
270
154
21
127
254
44
152
256
84
191
89
196
110
204
67
171
8
124
22
120
274
114
271
133
252
41
158
263
50
265
128
237
135
233
59
166
285
208
4
153
42
169
284
209
2
136
266
146
35
141
259
78
264
49
257
112
198
84
272
134
14
160
60
197
93
180
10
179
79
236
107
6
207
286
210
108
213
0
123
31
215
128
19
130
25
217
33
127
212
2
148
48
158
69
250
41
162
72
234
66
163
67
245
108
6
103
240
134
228
119
282
91
201
277
129
270
157
260
85
273
154
3
125
21
122
9
177
69
196
96
189
80
247
46
257
133
15
102
234
79
243
132
281
167
7
162
18
131
222
120
30
218
116
28
223
130
214
25
144
15
98
13
149
261
48
174
70
165
282
204
287
215
111
19
116
200
274
142
43
154
258
151
262
92
189
108
239
67
201
272
199
66
243
83
175
54
167
285
136
12
95
198
268
158
60
232
124
209
3
88
261
125
253
79
251
46
259
49
255
73
171
59
179
54
191
57
226
134
248
145
45
262
124
23
166
62
178
90
199
89
260
48
250
36
137
32
221
29
126
14
148
45
258
155
66
177
76
254
151
39
144
255
138
286
205
278
103
196
105
5
162
70
208
6
100
189
87
201
71
203
276
129
259
133
231
57
194
108
191
91
199
266
86
183
64
204
280
209
283
211
5
101
239
110
20
127
8
168
282
92
11
179
69
157
21
184
100
16
132
220
27
114
197
83
261
46
245
35
218
4
207
125
249
47
221
5
205
71
232
135
230
58
192
107
237
63
164
73
233
132
9
120
270
152
54
173
286
134
242
81
244
77
263
159
15
114
19
211
1
214
5
153
266
50
264
147
34
216
126
235
101
201
88
177
87
194
55
190
111
6
206
65
185
81
268
197
102
25
160
68
236
129
41
249
121
267
47
220
3
216
23
131
26
112
241
67
203
110
191
98
206
1
218
132
30
243
108
261
75
171
9
89
267
198
93
10
138
248
72
165
17
118
29
213
281
141
271
202
69
245
143
44
251
36
252
150
264
155
3
224
24
133
287
119
250
46
159
27
169
61
229
72
185
122
201
113
16
107
188
93
4
87
281
202
105
234
134
225
5
208
284
203
100
13
180
78
238
126
210
278
116
196
107
211
128
15
145
28
117
252
129
8
176
58
168
70
251
121
221
287
124
11
209
73
163
282
212
74
186
98
277
206
68
170
281
129
40
143
5
103
14
162
267
147
249
69
237
79
256
136
17
99
183
102
7
85
193
54
161
272
116
247
33
114
243
43
257
194
95
192
55
181
13
143
32
216
286
172
57
156
67
175
84
200
273
130
238
27
217
4
215
33
142
275
160
71
235
132
50
259
109
212
125
32
248
65
239
77
190
112
18
154
23
225
30
108
27
222
286
217
20
184
123
12
149
255
43
253
116
17
106
28
214
118
228
129
241
105
186
124
236
132
223
285
218
40
246
34
219
131
226
3
150
44
188
109
25
104
239
82
195
262
47
265
51
176
29
138
37
152
260
196
59
230
122
22
118
204
270
164
26
102
191
105
237
99
6
140
278
201
264
179
9
174
59
159
283
94
181
66
193
96
10
91
7
212
276
207
2
78
262
111
209
275
118
199
121
187
97
15
130
221
1
75
250
133
222
76
258
50
129
24
186
115
255
153
36
118
9
125
277
182
61
235
8
156
276
200
271
203
66
169
280
162
67
192
101
15
117
206
3
153
22
143
45
263
93
199
57
224
9
86
178
260
50
267
201
92
281
219
25
116
185
123
198
273
160
283
218
26
169
64
194
91
202
71
167
49
266
100
197
56
229
2
217
15
124
47
248
81
241
43
245
113
29
105
179
111
195
90
11
178
109
180
268
200
62
228
6
159
69
207
73
251
40
125
214
287
137
10
210
14
135
282
223
112
32
180
74
0
230
134
18
115
28
240
20
242
45
121
183
119
232
147
247
108
279
168
67
160
15
146
263
51
225
6
166
74
246
118
196
261
144
249
36
129
209
272
82
198
265
145
2
210
73
256
107
285
105
187
94
193
114
200
93
11
148
17
182
97
233
9
98
7
175
50
273
206
46
118
224
284
205
4
95
276
164
59
200
85
243
78
257
155
283
210
271
163
268
47
128
38
126
188
80
236
99
204
2
87
197
269
176
101
233
23
259
199
103
190
119
28
134
227
53
171
7
115
35
250
192
253
71
206
267
31
220
22
212
3
79
231
25
139
5
203
127
49
262
26
136
270
48
122
193
64
162
254
176
257
42
109
29
188
35
140
2
221
280
142
23
183
120
200
102
19
243
45
171
105
30
162
282
218
277
116
225
279
81
271
127
189
124
226
1
77
265
181
113
216
132
10
94
197
110
19
212
270
170
26
125
14
92
193
115
30
143
278
203
263
48
131
213
5
236
28
122
208
66
182
24
100
192
104
7
154
281
184
120
286
70
244
43
108
179
262
159
55
151
16
251
34
183
96
191
109
6
163
19
122
234
8
91
275
130
198
261
201
86
242
117
16
227
0
216
28
264
197
256
48
153
35
215
116
29
212
13
161
69
287
90
200
132
285
165
51
133
198
61
159
70
172
63
203
260
21
227
280
224
48
120
24
89
248
40
105
36
114
178
277
168
254
194
263
25
211
127
279
132
18
147
44
112
30
245
10
126
205
72
228
58
232
123
254
105
210
71
285
169
107
180
275
214
2
201
133
274
216
138
279
120
173
77
246
112
177
29
146
27
165
75
179
266
46
243
11
84
265
196
131
224
28
251
191
120
271
181
97
236
7
177
100
232
146
248
193
80
252
37
129
190
56
127
226
59
175
46
264
24
121
182
270
155
259
22
91
198
106
31
229
143
7
116
34
243
13
94
199
86
280
206
263
29
107
205
268
28
131
21
85
9
128
230
285
129
218
287
118
219
273
143
233
65
202
4
150
41
107
186
125
39
247
72
204
259
38
237
98
284
173
113
20
257
22
216
161
43
156
4
139
206
103
241
68
287
209
12
89
188
23
211
276
159
239
64
141
6
174
51
266
208
46
119
198
125
11
95
185
118
13
134
256
44
111
26
161
65
193
255
33
268
171
101
242
74
287
143
191
86
202
263
198
109
40
104
36
244
10
136
240
106
170
121
231
286
229
117
274
154
235
78
232
284
102
17
252
173
9
167
81
191
112
6
205
137
188
286
65
207
47
225
140
262
131
63
194
145
42
168
118
172
114
29
117
213
269
87
8
220
281
166
224
129
23
265
211
93
15
183
113
268
150
245
190
106
30
249
192
54
163
219
102
177
262
207
98
265
27
107
246
41
157
282
121
180
261
90
23
86
20
119
167
75
263
122
13
207
259
87
196
129
255
108
159
236
125
22
268
30
212
287
228
2
225
277
50
126
190
138
17
149
66
187
108
238
19
107
44
259
79
5
217
21
186
92
263
165
222
283
144
264
51
178
272
34
112
184
130
210
6
96
195
252
26
120
232
170
117
286
113
243
38
103
41
190
76
240
62
168
122
247
35
100
185
30
95
0
70
227
9
134
200
105
172
239
130
22
222
144
41
218
280
43
113
33
249
15
164
121
278
157
248
111
176
275
165
120
196
266
31
189
110
28
250
198
255
50
287
116
171
119
283
48
147
260
195
58
234
127
64
130
227
60
172
285
236
104
33
241
46
112
174
246
189
139
37
148
197
251
118
201
68
247
61
173
117
23
256
127
5
240
45
205
270
220
14
209
87
22
266
19
258
210
4
101
207
70
158
66
166
119
170
279
229
63
133
20
212
264
110
181
11
142
192
92
4
85
23
215
162
107
199
61
201
89
22
158
272
27
113
176
251
68
143
18
111
177
256
32
105
273
175
104
184
78
260
16
126
201
265
170
234
60
230
77
222
0
148
262
28
271
36
99
215
1
136
204
103
193
91
268
51
111
244
165
16
253
47
222
129
26
273
49
128
182
267
152
45
106
257
196
57
236
1
209
259
202
88
194
62
170
113
192
144
9
207
109
32
115
24
97
234
133
206
111
256
38
99
188
239
7
83
270
29
141
282
134
186
127
13
257
212
275
200
249
39
159
115
172
49
123
167
35
104
278
166
5
209
156
251
149
28
124
204
112
16
120
169
117
227
276
221
132
14
115
21
269
85
280
40
247
43
278
154
65
171
28
87
249
167
227
22
210
266
129
193
245
120
63
128
55
136
19
255
45
246
82
5
145
262
212
160
264
132
242
189
98
238
70
209
277
33
99
175
114
162
251
49
223
141
286
72
206
85
195
108
41
248
8
208
48
252
192
130
40
270
222
113
263
38
97
190
93
179
84
20
106
234
185
132
217
284
70
200
83
250
37
117
162
236
41
227
79
233
283
96
231
153
15
254
24
125
225
275
229
171
110
209
102
242
29
217
0
97
197
150
236
66
191
253
177
108
34
94
5
131
218
164
122
57
180
115
217
273
28
252
146
256
14
182
100
30
173
44
262
39
281
143
46
203
137
59
201
279
148
243
116
187
240
68
194
242
43
105
164
125
64
128
23
263
218
272
118
27
88
190
53
145
26
265
20
268
36
258
213
11
232
134
199
113
276
183
287
175
256
50
168
73
147
195
123
162
110
24
212
15
225
56
135
21
247
90
8
161
119
248
202
255
85
199
124
166
121
7
172
102
29
181
108
16
137
51
211
74
229
183
25
274
203
3
147
250
72
170
111
48
129
240
0
127
22
119
174
57
233
70
181
278
169
235
67
207
154
260
110
53
113
157
203
252
10
140
188
90
15
263
27
253
45
280
153
232
183
37
98
187
106
244
142
282
234
99
277
35
227
52
152
33
136
209
49
268
196
65
182
92
26
261
208
106
178
116
257
175
221
76
2
124
260
31
179
227
128
172
109
265
100
217
40
110
7
164
42
141
215
12
180
224
281
236
29
250
201
270
19
120
160
278
173
242
31
111
249
148
237
61
119
213
3
195
60
129
14
95
25
112
158
281
42
102
202
277
236
73
246
115
167
223
58
171
130
220
44
204
262
114
31
247
172
122
169
6
86
198
56
124
165
221
139
13
159
40
250
11
217
264
21
267
52
140
5
201
107
50
275
100
19
131
252
46
115
197
89
26
153
198
148
196
270
35
93
173
25
261
213
256
139
31
92
180
234
3
219
259
119
197
108
172
16
187
120
236
39
152
99
231
157
211
103
176
220
104
28
212
73
179
269
18
270
90
206
123
65
188
34
259
114
61
194
80
226
48
2
235
46
279
82
268
204
249
79
224
267
26
237
133
0
149
221
10
175
125
35
111
165
127
194
105
274
230
72
16
94
264
29
86
245
0
190
143
260
43
158
235
95
232
186
67
283
99
185
271
102
167
257
48
124
161
55
197
262
24
266
113
155
17
175
105
206
247
188
111
239
49
109
251
134
184
9
253
37
232
285
41
94
1
147
69
242
191
40
151
111
175
74
278
53
108
166
212
259
156
115
281
205
248
34
256
215
161
242
3
90
10
206
99
181
81
190
238
63
167
279
208
141
20
249
152
14
138
52
124
264
210
88
33
109
159
125
46
240
13
66
250
107
153
272
96
200
80
7
146
19
129
172
214
32
175
247
287
140
30
227
5
165
50
6
47
99
136
66
286
109
182
85
267
209
29
257
129
232
55
115
173
126
25
86
207
48
272
176
89
184
236
118
189
44
100
32
278
27
260
72
254
8
144
4
199
151
280
183
70
205
95
213
277
222
56
181
226
154
266
93
25
119
18
267
101
190
33
220
256
149
113
178
104
13
201
141
191
87
34
273
231
188
102
161
45
283
202
253
31
239
163
59
173
107
10
115
248
48
9
217
73
252
184
275
236
70
141
234
36
169
130
283
136
87
211
12
124
163
221
255
41
105
21
112
252
85
178
230
145
279
31
107
239
174
108
38
157
111
269
160
205
102
44
208
71
225
128
163
109
237
286
131
66
15
271
17
89
32
238
10
182
224
50
179
103
233
14
102
184
31
90
194
116
165
211
67
144
280
131
171
124
252
39
217
169
230
98
1
49
104
42
127
229
51
161
259
29
232
62
121
172
263
20
253
138
226
118
269
23
98
196
149
271
220
258
125
6
257
105
159
213
248
165
42
92
207
272
106
253
169
286
83
192
36
254
116
155
22
214
75
182
221
37
122
175
129
162
273
15
185
233
54
186
243
285
248
23
275
86
261
219
17
109
26
240
66
218
71
262
99
198
81
2
142
44
230
156
265
177
128
85
272
16
129
212
96
154
117
54
164
21
88
274
199
251
126
23
71
18
77
225
180
82
196
111
201
269
48
229
179
63
241
4
135
246
210
168
113
5
155
52
148
46
97
169
132
64
153
282
187
35
98
239
9
259
195
100
175
12
105
150
270
17
95
180
263
119
181
91
1
243
27
211
286
179
112
194
253
172
29
269
231
31
226
52
166
247
88
187
125
160
104
140
217
173
235
42
171
76
244
46
169
135
0
51
212
119
153
256
192
236
34
124
89
205
251
196
60
201
103
165
225
59
275
112
227
270
82
228
267
55
282
145
108
222
32
266
183
101
29
246
207
68
157
13
97
47
4
257
25
268
125
83
169
115
164
259
75
188
79
133
168
37
189
52
269
20
135
265
118
207
46
7
222
254
50
1
146
277
176
98
201
256
26
84
273
23
278
78
178
28
97
202
94
276
22
262
162
116
57
235
123
271
188
224
114
148
67
228
184
128
158
110
58
160
279
219
183
16
181
104
240
40
95
273
152
264
205
245
36
161
63
255
163
42
135
101
169
123
25
247
198
58
139
265
162
204
143
90
253
223
181
35
257
219
45
150
16
236
155
103
50
283
64
230
57
5
40
2
71
231
37
170
209
69
129
82
173
8
180
227
185
21
279
77
233
124
153
243
277
88
128
174
241
101
218
286
111
217
64
159
96
203
72
0
207
242
170
256
40
167
134
284
36
184
75
196
62
115
176
47
131
160
27
234
48
177
19
190
255
95
260
214
3
140
251
98
45
13
275
14
213
271
18
210
66
178
130
161
4
237
116
44
245
284
180
129
249
105
139
38
120
152
65
176
74
216
255
28
166
209
50
118
20
259
174
95
265
19
144
109
193
107
46
204
273
17
121
283
54
198
70
3
260
149
50
249
197
59
108
183
60
165
86
248
203
1
126
163
106
39
102
266
35
224
125
192
114
214
268
88
176
209
20
193
262
218
36
264
116
231
168
82
202
144
30
179
232
15
259
166
273
240
29
93
43
176
255
78
227
283
249
46
201
156
112
172
127
30
85
185
32
134
90
213
145
64
257
97
2
31
271
26
104
171
244
206
129
75
251
217
54
143
283
20
280
52
112
8
44
120
260
201
33
262
72
256
184
0
59
190
220
46
172
67
135
188
56
16
136
187
73
287
199
244
102
175
141
246
204
38
159
126
55
137
278
230
27
267
71